# MVE view meta data is stored in INI-file syntax.
# This file is generated, formatting will get lost.

[camera]
focal_length = 0.7762675881
pixel_aspect = 1
principal_point = 0.5 0.5
radial_distortion = 0.08330488205 -0.1086882055
rotation = 0.9956449866 -0.03982201591 -0.08481050283 0.04185217619 0.9990152121 0.02313440293 0.08382447809 -0.02657283098 0.9963235855
translation = 1.088396668 0.04867781699 -0.02296934277

[view]
id = 1
name = 0001
