drews 1.0
62 11618
0.952287 0.0169028 0.0295308
-0.989645 -0.106981 -0.0957488
-0.0479309 -0.382475 0.922737
-0.135341 0.917765 0.373385
2.15878 -10.5152 8.86634
0.954785 0.0328738 -0.0142935
-0.744071 0.375881 -0.552339
-0.654663 -0.245191 0.715057
0.133348 0.893648 0.428516
8.11175 -8.39257 7.89397
0.939344 0.0593989 -0.0847677
-0.901883 0.182848 -0.391434
-0.43168 -0.343629 0.834043
0.0179975 0.921165 0.388861
6.16897 -9.92681 8.15234
0.941508 0.0443335 -0.0365242
-0.880309 0.213836 -0.423512
-0.47335 -0.335304 0.814593
0.032193 0.917542 0.396401
6.58504 -9.54165 8.22886
0.956012 0.0380276 -0.0281124
-0.707574 0.40341 -0.580178
-0.688096 -0.206481 0.695631
0.160829 0.891428 0.423685
8.40983 -7.66168 7.79143
0.947612 0.062718 -0.10907
-0.650436 0.450658 -0.611431
-0.733976 -0.165702 0.658672
0.195523 0.877195 0.438554
8.97907 -6.87717 7.29111
0.951799 0.0316537 -0.0290295
-0.817236 0.3015 -0.491151
-0.570428 -0.30179 0.763901
0.0820898 0.904453 0.418619
7.54956 -8.84487 7.90459
0.939506 0.0789742 -0.160451
-0.912061 0.167963 -0.374089
-0.409894 -0.347592 0.843335
0.011623 0.922508 0.385873
5.89098 -9.59203 8.28262
0.941547 0.0530237 -0.0745168
-0.986988 -0.020843 -0.15948
-0.139193 -0.385941 0.911994
-0.0805659 0.922323 0.378019
3.21668 -9.95049 8.69159
0.944468 0.0451203 -0.0460506
-0.951295 0.114913 -0.286072
-0.308263 -0.367249 0.877598
-0.00420917 0.923039 0.384787
5.1414 -9.36572 8.37934
0.950063 0.0425701 -0.0481799
-0.985494 -0.161426 -0.0525129
0.0151622 -0.391733 0.919967
-0.169078 0.905825 0.388499
1.76126 -11.2153 8.87037
0.961097 0.0301208 -0.0279268
-0.960801 -0.271093 0.0581261
0.164722 -0.38953 0.906179
-0.22301 0.880229 0.418917
0.0628535 -11.214 8.58301
0.953511 0.0284797 -0.0128123
-0.915685 -0.372647 0.150546
0.298239 -0.378905 0.876099
-0.269434 0.847125 0.458097
-1.29605 -10.868 8.1341
0.941596 0.0585349 -0.0915674
-0.894956 -0.405083 0.187043
0.345161 -0.362818 0.865639
-0.282792 0.839267 0.464527
-1.75271 -10.6171 8.19987
0.946685 0.0573037 -0.0967489
-0.878353 -0.419901 0.228483
0.387296 -0.344899 0.855018
-0.28022 0.839498 0.465569
-2.28261 -10.9649 8.30817
0.946841 0.0630707 -0.101252
-0.844474 -0.457819 0.277979
0.448283 -0.320075 0.834678
-0.293162 0.829473 0.475528
-2.85043 -10.9659 7.97596
0.963298 0.0133979 0.0203863
-0.766341 -0.543655 0.342317
0.540648 -0.257908 0.800754
-0.347033 0.798713 0.491568
-3.92055 -10.6753 7.99405
0.948743 0.0439228 -0.0739842
-0.524247 0.524932 -0.670539
-0.812881 -0.0738286 0.577749
0.253778 0.847943 0.465411
9.96715 -5.93271 6.86266
0.947516 0.0750427 -0.152614
-0.449456 0.546629 -0.706536
-0.845549 -0.00517188 0.533894
0.288185 0.837374 0.464524
10.0934 -5.5347 7.11188
0.95489 0.0787709 -0.160713
-0.440164 0.544537 -0.713989
-0.843779 0.0210889 0.536307
0.307092 0.838513 0.450184
9.9184 -6.08639 7.05921
0.953952 0.0698168 -0.108945
-0.424497 0.54735 -0.721274
-0.836936 0.0667483 0.54324
0.345474 0.834264 0.42976
9.82066 -6.39612 6.9834
0.958569 0.0601919 -0.103942
-0.379415 0.570257 -0.728601
-0.821293 0.155058 0.549047
0.426067 0.80671 0.409511
9.44555 -6.47434 7.36421
0.943289 0.112808 -0.302612
-0.340744 0.587317 -0.734136
-0.79717 0.233519 0.556811
0.498459 0.774957 0.388624
9.3284 -6.23612 7.22432
0.942937 0.122495 -0.324834
-0.324604 0.594689 -0.735525
-0.76814 0.288049 0.571896
0.551969 0.750598 0.363314
9.52482 -6.46978 6.22365
0.947141 0.0381598 -0.0400355
-0.539307 -0.707334 0.457058
0.705989 -0.083853 0.703255
-0.459092 0.701936 0.544605
-5.17811 -8.47102 8.37671
0.957514 0.00495611 0.0296813
-0.65898 -0.639998 0.395235
0.628867 -0.180433 0.756375
-0.412752 0.746987 0.521378
-4.30474 -9.4638 8.21035
0.945663 0.0719392 -0.16412
-0.49072 -0.723937 0.484907
0.734374 -0.0441244 0.677325
-0.468946 0.688474 0.55329
-5.36487 -8.89285 8.11896
0.961026 0.0633934 -0.124547
-0.462955 -0.733795 0.497221
0.748821 -0.0236246 0.662363
-0.474294 0.678971 0.560418
-5.61465 -8.86339 8.3786
0.969297 0.0421226 -0.0869958
-0.304109 -0.767595 0.564209
0.818885 0.0920141 0.566552
-0.486796 0.634312 0.600591
-6.35691 -7.64146 7.49253
0.960809 0.0348772 -0.0240366
-0.14918 -0.794797 0.588363
0.855901 0.194177 0.47934
-0.495175 0.575085 0.651305
-6.92779 -6.87825 7.10291
0.961113 0.0465625 -0.049342
-0.105294 -0.797952 0.593507
0.866136 0.219676 0.448983
-0.488626 0.561324 0.668012
-6.8857 -6.65802 7.24881
0.979568 0.0732061 -0.166867
-0.0203056 -0.803162 0.59542
0.876639 0.272046 0.396863
-0.480726 0.530025 0.698558
-6.95564 -6.09715 7.64849
0.976791 0.0812694 -0.177711
0.164324 -0.799296 0.578045
0.874871 0.388784 0.288893
-0.455646 0.458239 0.763163
-6.94229 -4.42557 7.90179
0.974346 0.054387 -0.0727238
0.329154 -0.758967 0.561832
0.848847 0.498471 0.176109
-0.41372 0.418936 0.80832
-7.6922 -3.70587 6.94739
0.962236 0.0481828 -0.0424165
0.257819 -0.77903 0.571538
0.863707 0.450985 0.225082
-0.433095 0.435603 0.789127
-7.08695 -3.86203 7.5707
1.0028 0.0548748 -0.0779625
0.413851 -0.729258 0.54492
0.825058 0.553501 0.11409
-0.384821 0.402375 0.830738
-6.70604 -3.01731 5.99982
0.984845 0.0701087 -0.175859
0.571953 -0.673703 0.467988
0.75443 0.656096 0.0224488
-0.322176 0.340228 0.883508
-6.00766 -1.60496 4.26853
0.967873 0.0629413 -0.137457
0.679902 -0.612421 0.403426
0.677447 0.735156 -0.0258015
-0.28075 0.290841 0.914713
-5.58303 -0.477338 3.81063
0.962875 0.0401053 -0.0584503
0.730518 -0.561316 0.388972
0.622768 0.781307 -0.0421216
-0.280265 0.273007 0.920323
-5.45797 -0.25294 3.74027
0.981635 0.0573543 -0.117434
0.771375 -0.519313 0.367935
0.573342 0.818021 -0.0476674
-0.276199 0.247719 0.928746
-4.96326 -0.676933 3.86289
0.945811 0.0271159 0.000530607
-0.245389 0.627854 -0.738704
-0.698265 0.414209 0.583905
0.672561 0.659081 0.336803
9.97873 -5.24851 6.624
0.970945 0.0625957 -0.116611
0.911408 -0.35438 0.209706
0.380159 0.919839 -0.0990878
-0.157703 0.170047 0.973065
-3.01723 1.23514 2.49076
0.960737 0.0664392 -0.121704
0.918977 -0.336282 0.206277
0.359542 0.929133 -0.087846
-0.162112 0.154908 0.974743
-2.28812 1.11887 1.7905
0.986634 0.0985509 -0.306544
0.8497 -0.438384 0.293
0.478576 0.874446 -0.0795609
-0.221342 0.207822 0.952808
-3.94995 0.130875 2.93443
0.956414 0.0863559 -0.147824
0.937845 -0.28816 0.193712
0.303803 0.951127 -0.0565394
-0.167937 0.111883 0.979548
-1.82531 1.52729 1.80967
0.957548 0.078053 -0.113866
0.987673 -0.114393 0.109068
0.118916 0.992382 -0.0364252
-0.104025 0.0491528 0.993566
-1.43711 1.309 1.06568
0.939475 0.0482194 -0.0467713
-0.163303 0.63666 -0.753714
-0.70894 0.455599 0.538409
0.686163 0.622257 0.37697
9.76144 -4.66556 6.2345
0.938315 0.0364042 -0.0159967
-0.0642742 0.629894 -0.77403
-0.759859 0.471942 0.447191
0.646982 0.616876 0.44831
9.452 -3.14971 6.405
0.928363 0.0746234 -0.145105
0.0869836 0.625196 -0.775633
-0.831631 0.474246 0.288975
0.548487 0.6199 0.561191
9.70803 -2.024 5.29894
0.962667 0.0883792 -0.11408
0.999944 0.00300595 0.0127546
-0.00284448 0.999923 -0.0129409
-0.0127895 0.0128941 0.999861
-0.253017 0.235747 -0.0932879
0.958286 0.0477839 0.0156913
0.997653 0.0517103 -0.0451898
-0.052117 0.998628 -0.00768416
0.0447228 0.0100231 0.998971
0.414328 -0.425275 -0.202096
0.958712 0.0225935 0.0929662
0.996231 0.0600745 -0.0629486
-0.0607101 0.998147 -0.00802551
0.0623407 0.0118096 0.998021
0.487636 -0.582139 -0.16631
0.962038 0.0346572 0.0599571
0.996156 0.0611699 -0.0629009
-0.0617309 0.99809 -0.00676257
0.0623578 0.0106198 0.99802
0.520326 -0.617623 -0.0735
0.950309 0.0542769 -0.17636
-0.29525 0.613291 -0.732617
-0.728085 0.352103 0.588156
0.61867 0.70706 0.342564
9.90474 -6.16405 6.01425
0.936098 0.0810589 -0.155861
0.213304 0.594581 -0.775244
-0.85062 0.503424 0.152003
0.48066 0.627017 0.613136
9.71937 -1.19606 4.17163
0.949321 0.0275252 -0.0560541
0.348867 0.56081 -0.750869
-0.821404 0.56873 0.0431267
0.45122 0.60172 0.65906
9.64053 -0.373747 3.36992
0.949375 0.0434257 -0.103801
0.419712 0.526614 -0.739329
-0.768279 0.639834 0.0196542
0.483397 0.559762 0.673132
8.84369 0.0667595 3.58097
0.95111 0.012902 0.00287306
0.470404 0.486852 -0.736052
-0.715697 0.698426 0.00463487
0.516329 0.524616 0.676974
8.46871 0.187843 3.20345
0.939536 0.016639 0.0201606
0.552297 0.430521 -0.713888
-0.649898 0.758758 -0.0451524
0.522229 0.48889 0.698857
8.77953 0.69099 2.46777
0.940928 0.00294889 -0.0129474
0.602887 0.388174 -0.697043
-0.60034 0.796167 -0.0759097
0.52548 0.464227 0.71304
8.45442 1.37442 2.22733
0.930815 0.0281806 -0.0279277
0.654645 0.314094 -0.687617
-0.538527 0.832138 -0.132655
0.530516 0.457144 0.713907
7.78157 2.21104 2.40821
0.935736 0.0290489 -0.0530894
0.625708 0.342483 -0.700873
-0.56508 0.818422 -0.104532
0.537801 0.461463 0.705603
7.79072 1.85222 2.49382
-0.175872 -1.5966 14.4661
52 63 22
12 2 1 0 1 6 0 0 6 0 3 1 0 4 4 0 5 2 0 6 1 0 7 2 0 8 8 0 9 1 0 10 4 0 17 0 0
-0.905321 -2.81852 15.9643
162 112 31
10 2 17 0 1 22 0 3 23 0 4 18 0 5 18 0 6 28 0 7 23 0 11 26 0 17 12 0 18 12 0
-0.905563 -2.81305 15.9678
164 114 31
12 2 19 0 1 23 0 3 26 0 0 32 0 4 20 0 5 20 0 6 25 0 7 21 0 10 22 0 11 28 0 17 14 0 18 13 0
1.61232 -2.25471 15.2761
163 131 50
21 2 21 0 1 29 0 3 29 0 0 24 0 4 27 0 5 25 0 6 30 0 7 25 0 8 26 0 9 16 0 10 18 0 11 21 0 12 26 0 14 20 0 15 22 0 16 22 0 17 23 0 18 23 0 55 24 0 56 27 0 57 27 0
1.61085 -2.25843 15.2732
164 133 52
26 2 22 0 1 28 0 3 28 0 0 23 0 4 26 0 5 24 0 6 31 0 7 24 0 8 25 0 9 15 0 10 19 0 11 22 0 12 25 0 13 20 0 14 19 0 15 23 0 16 21 0 17 24 0 18 22 0 24 33 0 25 26 0 26 31 0 27 32 0 34 44 0 55 23 0 56 26 0
-0.626077 -1.51466 14.4689
59 70 27
7 2 24 0 1 16 0 3 32 0 4 23 0 5 23 0 6 29 0 17 9 0
1.78111 -2.16676 15.16
168 173 165
29 2 32 0 1 41 0 3 41 0 0 36 0 4 41 0 5 37 0 6 42 0 7 33 0 9 23 0 10 30 0 11 36 0 12 35 0 13 28 0 14 26 0 15 29 0 16 28 0 17 29 0 18 36 0 19 35 0 29 37 0 30 43 0 31 61 0 32 66 0 33 75 0 34 72 0 35 66 0 36 87 0 55 32 0 61 23 0
1.78193 -2.1734 15.1525
168 173 165
25 2 33 0 1 40 0 3 40 0 0 37 0 5 38 0 6 41 0 7 32 0 9 22 0 10 31 0 11 37 0 12 34 0 14 27 0 15 30 0 16 29 0 17 28 0 18 37 0 19 34 0 29 36 0 30 44 0 31 60 0 32 65 0 33 76 0 34 71 0 35 65 0 36 86 0
0.395117 -2.57033 15.6238
169 171 162
10 2 39 0 1 44 0 3 47 0 4 47 0 5 50 0 7 45 0 8 47 0 9 37 0 17 49 0 24 55 0
0.394525 -2.57243 15.622
168 170 161
9 2 40 0 1 43 0 3 46 0 4 46 0 5 49 0 7 44 0 8 46 0 17 48 0 24 56 0
-0.760401 -2.0753 15.202
75 90 30
17 2 44 0 1 45 0 3 55 0 5 53 0 16 38 0 17 47 0 19 49 0 20 43 0 21 30 0 24 85 0 25 62 0 26 77 0 27 87 0 29 70 0 30 83 0 31 110 0 9 42 0
-2.99857 -1.52256 14.7754
70 90 33
7 2 57 0 1 58 0 3 81 0 6 73 0 5 73 0 4 72 0 7 64 0
0.820595 -1.53584 14.5435
76 134 161
21 2 60 0 1 70 0 0 66 0 5 61 0 6 63 0 7 58 0 9 46 0 10 69 0 11 56 0 12 60 0 13 55 0 14 56 0 15 61 0 16 54 0 17 60 0 18 64 0 19 66 0 20 56 0 21 70 0 22 48 0 25 76 0
0.643461 -1.39256 14.3874
161 164 152
23 2 64 0 1 103 0 3 76 0 0 70 0 6 79 0 7 55 0 8 57 0 9 53 0 10 49 0 11 60 0 12 55 0 13 61 0 14 49 0 15 49 0 16 41 0 17 113 0 19 99 0 20 113 0 25 69 0 24 80 0 26 72 0 27 76 0 28 57 0
-1.84638 -2.26267 15.4439
175 172 155
14 2 66 0 1 60 0 3 60 0 0 86 0 6 56 0 7 54 0 8 64 0 9 59 0 10 83 0 11 69 0 12 80 0 13 86 0 30 483 0 31 194 0
-2.22299 -1.19855 14.3897
71 87 30
5 2 67 0 1 59 0 3 68 0 4 52 0 23 18 0
-2.37897 -1.5955 14.8337
62 81 25
9 2 70 0 1 61 0 3 67 0 0 82 0 6 61 0 7 56 0 8 81 0 9 81 0 53 29 0
3.03957 -10.0162 23.2637
77 50 60
2 49 1820 0 51 1267 0
4.54702 4.56871 8.11631
157 173 73
10 2 81 0 1 84 0 3 82 0 0 79 0 4 76 0 5 88 0 6 67 0 7 76 0 8 70 0 9 64 0
4.55005 4.58275 8.11646
157 173 73
10 2 82 0 1 86 0 3 83 0 0 77 0 4 75 0 6 69 0 7 74 0 8 69 0 9 65 0 10 63 0
4.85221 5.00148 7.68595
152 168 72
8 2 88 0 1 96 0 3 88 0 0 80 0 4 81 0 7 77 0 8 71 0 9 67 0
4.82943 4.92547 7.68231
151 167 75
3 2 91 0 1 94 0 4 80 0
2.3866 -2.95436 9.70296
78 80 79
4 2 93 0 1 742 0 3 105 0 4 771 0
-2.14777 -2.39191 15.6244
174 173 162
17 2 98 0 1 102 0 4 86 0 5 100 0 6 121 0 7 81 0 8 92 0 9 83 0 10 109 0 17 74 0 18 88 0 19 77 0 20 76 0 21 89 0 29 456 0 30 1021 0 32 1839 0
-2.32616 -2.41804 15.6253
170 169 154
10 2 102 0 1 83 0 4 62 0 5 79 0 6 71 0 7 80 0 8 91 0 17 55 0 18 75 0 21 57 0
-2.12484 -1.08345 14.2727
74 85 26
20 2 103 0 1 89 0 3 98 0 0 110 0 4 85 0 5 80 0 6 97 0 7 113 0 8 118 0 9 92 0 10 108 0 17 58 0 18 80 0 19 72 0 20 68 0 21 65 0 22 52 0 48 39 0 54 38 0 55 43 0
4.01074 4.84356 7.85259
152 168 73
11 2 105 0 1 106 0 3 93 0 0 85 0 4 92 0 5 91 0 6 90 0 7 90 0 8 74 0 9 71 0 10 72 0
1.20573 -1.61487 14.651
162 174 167
7 2 107 0 1 127 0 7 96 0 12 74 0 16 77 0 29 68 0 53 163 0
-1.14951 -1.92616 15.079
73 89 31
20 2 108 0 1 121 0 3 103 0 0 101 0 4 99 0 5 101 0 6 126 0 7 131 0 8 103 0 9 68 0 10 94 0 11 83 0 12 84 0 13 97 0 14 91 0 15 105 0 16 95 0 17 115 0 19 89 0 25 104 0
-7.94311 3.42149 9.94336
68 90 51
3 27 1335 0 24 1415 0 30 3435 0
-1.0537 -2.25475 15.4067
171 172 163
16 2 111 0 1 108 0 3 108 0 4 89 0 5 97 0 6 120 0 7 112 0 8 107 0 9 108 0 10 97 0 15 98 0 17 105 0 18 97 0 19 92 0 20 103 0 25 98 0
-1.05395 -2.25276 15.4079
171 172 163
14 2 112 0 1 107 0 3 109 0 4 88 0 5 98 0 6 119 0 7 111 0 9 109 0 10 98 0 15 97 0 17 106 0 18 98 0 19 93 0 20 104 0
-2.80451 -1.41657 14.6446
77 86 27
14 2 120 0 1 123 0 3 119 0 4 102 0 5 107 0 6 105 0 7 134 0 17 94 0 18 86 0 19 90 0 20 72 0 21 76 0 22 45 0 48 46 0
-1.95752 -2.27319 15.4777
162 115 29
20 2 124 0 1 114 0 3 117 0 0 114 0 4 96 0 5 94 0 6 133 0 7 136 0 8 121 0 9 100 0 10 116 0 11 104 0 17 70 0 18 91 0 19 86 0 20 87 0 21 72 0 29 412 0 30 798 0 31 896 0
-1.95752 -2.27319 15.4777
162 115 29
20 2 125 0 1 113 0 3 116 0 0 113 0 4 95 0 5 95 0 6 132 0 7 135 0 8 120 0 9 101 0 10 117 0 11 103 0 17 69 0 18 90 0 19 87 0 20 88 0 21 71 0 29 413 0 30 799 0 31 895 0
-2.81646 -1.33828 14.5651
87 108 66
12 2 127 0 1 93 0 3 110 0 4 77 0 5 84 0 6 104 0 7 123 0 17 68 0 18 79 0 19 76 0 20 65 0 21 60 0
-2.19783 -1.80197 14.9894
80 83 32
18 2 129 0 1 124 0 4 100 0 5 116 0 6 136 0 7 124 0 10 122 0 0 121 0 11 114 0 12 118 0 13 104 0 14 109 0 17 111 0 18 89 0 19 91 0 20 74 0 21 74 0 22 54 0
-1.9655 -2.18515 15.3985
166 116 24
18 2 130 0 1 142 0 3 128 0 0 134 0 5 134 0 6 144 0 7 143 0 8 126 0 9 122 0 10 130 0 11 118 0 17 79 0 18 106 0 19 98 0 20 108 0 21 93 0 22 60 0 30 825 0
-1.9655 -2.18515 15.3985
166 116 24
18 2 131 0 1 141 0 3 129 0 0 133 0 5 135 0 6 143 0 7 142 0 8 127 0 9 123 0 10 131 0 11 119 0 17 80 0 18 105 0 19 97 0 20 107 0 21 94 0 22 59 0 30 824 0
0.255291 -1.69078 14.7654
69 128 156
16 2 133 0 1 147 0 3 130 0 4 138 0 5 159 0 7 148 0 9 104 0 11 98 0 15 95 0 17 161 0 18 159 0 19 175 0 21 166 0 22 182 0 40 209 0 53 223 0
4.08509 3.7427 8.94721
138 74 127
8 2 136 0 1 101 0 9 76 0 10 79 0 17 98 0 18 192 0 35 53 0 37 44 0
-1.03253 -2.01048 15.1672
71 85 25
27 2 139 0 1 139 0 3 126 0 0 129 0 4 122 0 5 133 0 6 142 0 7 166 0 8 136 0 9 119 0 10 126 0 11 113 0 17 119 0 18 120 0 19 119 0 20 135 0 21 122 0 22 107 0 24 181 0 26 157 0 27 162 0 28 184 0 29 439 0 30 844 0 31 948 0 40 54 0 53 93 0
3.68758 5.17934 7.44036
154 171 80
10 2 144 0 1 144 0 0 102 0 3 124 0 4 150 0 6 152 0 7 153 0 8 112 0 9 112 0 10 92 0
3.69923 5.23799 7.44309
156 171 81
7 2 145 0 1 145 0 3 125 0 4 151 0 6 153 0 7 154 0 9 113 0
-2.44813 -2.14886 15.3865
160 125 33
15 2 146 0 1 151 0 3 146 0 4 134 0 5 136 0 6 159 0 7 195 0 9 165 0 17 140 0 19 112 0 20 126 0 21 119 0 22 99 0 29 605 0 30 926 0
-1.61819 -1.64089 14.8143
95 115 154
22 2 148 0 1 153 0 3 143 0 0 130 0 4 149 0 5 153 0 6 146 0 7 184 0 8 135 0 9 120 0 10 139 0 11 120 0 12 133 0 17 162 0 18 133 0 20 144 0 22 122 0 23 51 0 40 44 0 46 70 0 48 85 0 55 92 0
-1.42132 -2.03988 15.2409
82 95 46
22 2 151 0 1 177 0 3 148 0 4 158 0 5 114 0 6 164 0 7 186 0 11 124 0 17 154 0 18 157 0 19 153 0 20 186 0 21 191 0 22 173 0 23 148 0 24 133 0 26 108 0 27 125 0 29 272 0 30 498 0 40 147 0 53 220 0
-1.41985 -2.03758 15.2422
78 92 40
20 2 152 0 1 178 0 3 147 0 4 159 0 5 115 0 6 165 0 7 187 0 17 155 0 18 158 0 19 152 0 21 190 0 22 174 0 23 147 0 24 134 0 26 107 0 27 126 0 29 273 0 30 497 0 40 148 0 53 221 0
-2.77434 -1.49743 14.7321
70 81 24
11 2 159 0 1 156 0 4 123 0 7 181 0 17 147 0 19 120 0 20 124 0 21 109 0 22 86 0 25 305 0 48 78 0
-1.93434 -0.975231 14.1561
96 119 152
20 2 160 0 1 154 0 3 152 0 4 128 0 5 155 0 6 171 0 9 126 0 17 165 0 18 136 0 19 136 0 20 142 0 21 146 0 23 102 0 40 55 0 46 102 0 47 142 0 53 116 0 55 112 0 56 82 0 58 174 0
-1.93467 -0.975927 14.1553
96 119 153
21 2 161 0 1 155 0 3 151 0 4 129 0 5 154 0 6 170 0 7 164 0 9 125 0 17 164 0 18 135 0 19 137 0 20 141 0 21 145 0 23 103 0 40 56 0 46 103 0 47 141 0 53 115 0 55 111 0 56 83 0 58 175 0
-1.2809 -1.54029 10.8516
130 108 57
9 32 1886 0 33 1862 0 34 2258 0 35 1170 0 36 443 0 37 416 0 38 298 0 39 207 0 41 152 0
3.24169 -1.06366 14.0177
173 172 165
6 2 166 0 1 191 0 5 176 0 7 169 0 9 115 0 33 509 0
-11.3372 0.393848 13.3319
141 106 59
3 32 98 0 30 71 0 28 78 0
-1.52022 -1.44434 14.6262
97 119 156
20 2 174 0 1 143 0 3 140 0 4 140 0 5 161 0 6 149 0 9 130 0 18 116 0 19 147 0 20 157 0 21 164 0 22 142 0 23 123 0 40 122 0 46 92 0 47 135 0 48 105 0 53 103 0 54 86 0 55 105 0
-0.893848 -1.47629 14.6061
96 117 156
16 2 181 0 1 160 0 3 149 0 7 175 0 18 142 0 19 166 0 20 166 0 21 221 0 22 199 0 23 166 0 46 167 0 54 108 0 55 125 0 9 153 0 56 206 0 59 231 0
-0.893896 -1.47621 14.6038
95 117 156
19 2 182 0 1 159 0 3 150 0 4 135 0 6 177 0 7 176 0 9 152 0 17 168 0 18 143 0 19 167 0 20 165 0 21 222 0 22 200 0 23 165 0 46 168 0 54 107 0 55 126 0 56 205 0 59 230 0
-1.7315 -2.15973 15.3714
163 120 27
18 2 187 0 1 164 0 3 157 0 4 145 0 5 151 0 6 163 0 7 192 0 8 151 0 13 111 0 17 157 0 18 128 0 19 126 0 20 150 0 21 144 0 24 285 0 27 461 0 40 70 0 53 70 0
-1.87279 -1.2194 14.422
100 121 154
4 2 189 0 1 168 0 5 179 0 47 156 0
-1.79117 -1.47754 14.6674
96 117 151
16 2 193 0 1 185 0 3 168 0 9 155 0 19 161 0 20 206 0 21 182 0 22 164 0 23 126 0 40 90 0 46 94 0 47 128 0 48 99 0 53 100 0 54 88 0 55 101 0
0.282968 -2.43496 15.6168
88 124 155
11 31 757 0 14 167 0 12 225 0 15 152 0 16 155 0 24 491 0 25 409 0 27 179 0 30 511 0 32 1769 0 34 1445 0
-2.41106 -2.33011 15.5735
162 120 32
16 2 195 0 1 148 0 3 136 0 4 131 0 5 145 0 6 156 0 8 152 0 9 137 0 17 137 0 18 107 0 19 108 0 20 114 0 21 112 0 22 93 0 29 635 0 31 1062 0
-2.41106 -2.33011 15.5735
162 120 32
16 2 196 0 1 149 0 3 137 0 4 130 0 5 144 0 6 155 0 8 153 0 9 138 0 17 138 0 18 108 0 19 109 0 20 115 0 21 111 0 22 94 0 29 636 0 31 1061 0
4.40519 4.16919 8.51045
163 171 155
11 2 236 0 1 344 0 3 286 0 0 248 0 5 269 0 9 458 0 19 345 0 17 228 0 20 346 0 21 396 0 22 458 0
2.78963 5.81101 6.8603
171 171 157
4 2 237 0 1 342 0 3 446 0 8 417 0
3.45234 5.68801 7.07434
67 69 45
3 2 239 0 1 700 0 3 895 0
4.54724 2.09654 10.8044
138 114 142
5 2 247 0 1 618 0 4 469 0 5 389 0 7 309 0
5.60331 1.76038 10.9714
123 83 51
8 2 249 0 1 454 0 3 375 0 4 257 0 5 236 0 7 253 0 17 308 0 18 355 0
3.97192 -1.41546 14.2708
143 117 144
32 2 252 0 1 328 0 3 473 0 0 254 0 4 424 0 5 447 0 9 581 0 11 459 0 16 686 0 12 742 0 10 827 0 13 748 0 15 650 0 18 694 0 19 529 0 20 502 0 21 515 0 22 505 0 24 572 0 29 1442 0 30 1450 0 31 1456 0 34 3364 0 40 672 0 48 675 0 54 446 0 55 285 0 56 814 0 57 747 0 23 645 0 46 760 0 47 777 0
5.58228 1.0142 11.8084
138 106 136
5 2 259 0 1 537 0 4 532 0 7 358 0 9 273 0
0.154939 -1.8888 14.9627
84 136 159
33 2 261 0 1 370 0 3 537 0 0 288 0 4 386 0 5 383 0 6 462 0 7 255 0 8 480 0 9 208 0 10 412 0 11 504 0 12 675 0 13 616 0 14 475 0 15 583 0 16 757 0 17 268 0 18 388 0 20 258 0 21 433 0 22 318 0 24 1321 0 25 876 0 26 1077 0 27 941 0 29 2975 0 30 2439 0 31 1837 0 28 667 0 40 311 0 46 335 0 48 210 0
3.20284 4.85646 7.88841
147 109 147
12 2 272 0 1 254 0 3 240 0 0 200 0 4 303 0 5 255 0 6 195 0 7 315 0 8 175 0 9 305 0 11 140 0 38 77 0
5.51553 1.52454 11.2147
166 131 149
7 2 277 0 1 278 0 3 252 0 4 249 0 5 322 0 17 265 0 18 287 0
0.461958 -3.50424 16.5987
83 130 154
7 2 280 0 1 272 0 3 468 0 6 293 0 10 519 0 11 430 0 14 560 0
0.342979 -2.13615 15.2031
88 137 161
22 2 293 0 1 380 0 0 408 0 3 454 0 4 559 0 5 509 0 6 379 0 7 259 0 8 421 0 9 233 0 10 619 0 11 491 0 12 612 0 13 681 0 14 726 0 15 513 0 16 729 0 18 354 0 20 270 0 24 1638 0 25 830 0 26 1817 0
0.710091 -2.61766 15.6693
155 129 54
4 2 296 0 1 292 0 4 255 0 11 248 0
-2.39003 -2.41084 15.6441
178 175 161
8 2 297 0 1 227 0 3 237 0 0 286 0 4 363 0 6 285 0 8 303 0 31 1826 0
3.19929 3.08555 9.65665
137 107 141
7 2 298 0 1 290 0 3 351 0 0 256 0 6 473 0 8 562 0 9 540 0
0.451988 -3.61681 16.7261
142 162 164
6 2 321 0 1 593 0 3 343 0 4 600 0 5 473 0 14 820 0
-1.6467 -2.82691 16.0346
175 167 167
10 2 335 0 1 267 0 3 340 0 4 242 0 8 274 0 10 559 0 11 465 0 12 723 0 17 382 0 19 227 0
-1.64576 -2.8298 16.0328
179 170 170
8 2 336 0 1 268 0 3 341 0 4 241 0 8 273 0 10 558 0 11 464 0 12 724 0
1.95765 3.21745 9.62928
152 112 157
25 2 344 0 1 407 0 0 207 0 3 270 0 4 292 0 5 299 0 6 219 0 7 405 0 8 455 0 9 268 0 10 207 0 12 153 0 11 135 0 13 165 0 14 144 0 19 274 0 20 240 0 21 420 0 22 383 0 24 161 0 25 222 0 26 229 0 27 257 0 30 213 0 32 429 0
3.27205 3.91876 8.795
175 172 170
11 2 345 0 1 766 0 4 1007 0 5 840 0 3 1221 0 0 538 0 8 435 0 9 842 0 43 236 0 42 175 0 35 1575 0
0.0712491 -2.63516 15.7164
101 144 164
24 2 349 0 1 623 0 0 308 0 3 683 0 4 413 0 6 597 0 7 451 0 8 358 0 9 398 0 10 532 0 11 1321 0 12 569 0 13 671 0 14 586 0 15 510 0 16 585 0 17 331 0 24 904 0 25 647 0 26 697 0 27 846 0 29 1718 0 31 2198 0 33 3644 0
3.06582 5.32224 7.39161
147 103 141
7 2 358 0 1 356 0 3 376 0 0 265 0 4 418 0 8 302 0 9 188 0
3.08489 5.59671 7.0936
160 108 151
5 2 375 0 1 345 0 3 298 0 4 265 0 9 429 0
4.36431 0.928632 11.8419
142 111 151
18 2 378 0 1 538 0 3 382 0 0 526 0 4 463 0 5 1000 0 8 640 0 9 685 0 32 1078 0 33 999 0 34 1343 0 35 803 0 25 138 0 36 588 0 37 211 0 38 310 0 43 280 0 56 670 0
5.14481 4.34234 8.24637
80 104 30
6 2 381 0 1 235 0 4 588 0 19 315 0 21 386 0 22 994 0
4.64972 2.01843 10.6907
140 115 137
26 2 386 0 1 811 0 3 734 0 0 877 0 4 1001 0 7 1151 0 10 1026 0 8 2264 0 29 842 0 28 554 0 30 1140 0 31 937 0 32 1709 0 33 1637 0 34 1981 0 35 1130 0 36 653 0 37 967 0 38 514 0 39 1648 0 41 1149 0 43 474 0 48 255 0 47 542 0 54 176 0 57 415 0
1.52608 -2.34337 12.5104
124 127 134
24 2 391 0 1 650 0 3 443 0 0 353 0 4 672 0 5 756 0 6 482 0 7 464 0 8 509 0 9 510 0 10 259 0 11 243 0 12 414 0 13 489 0 14 414 0 15 373 0 16 382 0 17 785 0 18 1086 0 25 614 0 24 863 0 26 653 0 27 738 0 28 911 0
4.21512 2.60186 10.1049
144 110 144
15 2 393 0 1 401 0 3 218 0 4 238 0 5 436 0 8 221 0 9 229 0 18 580 0 32 687 0 31 491 0 30 749 0 33 1474 0 34 702 0 35 751 0 36 217 0
2.06488 -2.19766 15.1837
67 129 158
31 2 395 0 1 533 0 3 283 0 0 279 0 4 417 0 5 310 0 8 373 0 10 542 0 12 457 0 13 205 0 14 494 0 15 585 0 16 305 0 24 603 0 27 933 0 28 447 0 29 757 0 30 1308 0 31 1351 0 33 2425 0 34 3626 0 36 1518 0 37 2584 0 38 1308 0 39 2441 0 48 313 0 54 281 0 55 484 0 56 808 0 60 557 0 61 849 0
-0.752431 -3.08105 12.3101
173 176 189
11 2 397 0 1 239 0 3 258 0 0 435 0 4 190 0 6 254 0 7 369 0 8 257 0 9 220 0 10 598 0 16 504 0
-2.04996 -1.19665 14.392
175 176 164
12 2 398 0 1 367 0 3 277 0 0 311 0 4 253 0 5 461 0 6 332 0 7 383 0 8 259 0 10 329 0 11 846 0 17 447 0
4.47814 0.95314 11.8264
147 115 156
14 2 399 0 1 481 0 0 374 0 4 411 0 6 469 0 8 314 0 31 159 0 32 112 0 33 460 0 34 360 0 35 1154 0 38 175 0 56 601 0 59 602 0
2.43466 4.85596 7.93156
157 108 155
11 2 404 0 1 321 0 3 269 0 0 249 0 4 491 0 8 687 0 10 243 0 11 955 0 12 580 0 43 113 0 39 84 0
4.09921 3.33574 9.36395
159 108 157
13 2 414 0 1 444 0 3 368 0 0 371 0 5 393 0 6 393 0 7 439 0 8 415 0 9 293 0 10 225 0 17 778 0 32 209 0 34 135 0
4.09875 3.33588 9.36533
155 110 159
20 2 415 0 1 443 0 3 367 0 4 440 0 5 394 0 7 438 0 8 416 0 9 294 0 17 779 0 18 446 0 19 367 0 20 411 0 21 581 0 22 454 0 23 478 0 32 210 0 34 134 0 39 111 0 41 81 0 47 412 0
4.2182 2.26915 10.4305
182 174 175
11 2 425 0 1 1077 0 3 649 0 4 697 0 5 675 0 9 782 0 10 490 0 48 890 0 47 606 0 46 524 0 54 231 0
-0.812598 -2.06503 15.2259
63 83 26
21 2 436 0 1 485 0 0 343 0 3 566 0 4 454 0 5 531 0 6 515 0 8 585 0 9 280 0 10 842 0 11 661 0 12 610 0 18 456 0 19 430 0 20 511 0 21 390 0 22 387 0 23 346 0 24 1429 0 40 270 0 55 428 0
1.42081 1.67684 11.2265
89 129 146
7 38 603 0 33 1959 0 32 2203 0 37 685 0 36 534 0 44 204 0 42 192 0
3.80081 3.91411 8.79372
175 172 167
11 2 473 0 1 629 0 5 560 0 6 392 0 8 796 0 4 685 0 9 914 0 3 1062 0 19 490 0 20 878 0 21 1592 0
-1.35967 -1.83307 11.0456
176 181 194
11 2 478 0 1 469 0 3 682 0 6 427 0 7 324 0 8 543 0 10 204 0 18 284 0 19 343 0 20 330 0 21 803 0
1.8252 -2.12219 15.1097
151 174 175
17 2 479 0 1 653 0 3 626 0 0 203 0 4 674 0 5 803 0 6 426 0 8 378 0 9 688 0 11 651 0 12 772 0 13 1059 0 15 693 0 17 692 0 18 622 0 19 631 0 20 1045 0
0.299286 -2.59321 15.6845
155 177 181
31 2 484 0 1 457 0 3 484 0 0 603 0 4 477 0 5 453 0 6 363 0 9 489 0 10 523 0 11 625 0 12 1204 0 13 630 0 14 994 0 15 777 0 16 725 0 17 437 0 18 397 0 19 470 0 20 371 0 24 1733 0 25 981 0 27 675 0 29 1281 0 30 1239 0 31 1202 0 32 2576 0 33 2255 0 34 2038 0 35 1546 0 58 709 0 59 620 0
-1.07859 -2.39938 15.5532
166 170 160
12 2 486 0 1 326 0 0 237 0 4 377 0 5 431 0 6 503 0 8 436 0 10 227 0 11 1001 0 12 786 0 13 747 0 17 518 0
2.014 -2.29193 15.2995
87 133 154
44 2 493 0 1 684 0 3 563 0 0 574 0 4 595 0 5 617 0 6 632 0 7 338 0 8 464 0 9 541 0 10 505 0 11 419 0 12 769 0 13 701 0 14 632 0 15 574 0 16 631 0 17 784 0 18 843 0 19 707 0 20 651 0 24 779 0 25 577 0 26 839 0 27 947 0 28 523 0 29 1807 0 30 1628 0 31 1884 0 32 3043 0 33 2291 0 34 4072 0 35 3067 0 36 2817 0 37 3578 0 48 949 0 54 654 0 55 987 0 56 1321 0 57 1198 0 58 1023 0 59 1114 0 60 1668 0 61 1311 0
5.79423 5.17209 7.41483
163 168 153
6 2 494 0 1 478 0 3 661 0 5 332 0 8 418 0 7 347 0
0.59517 -3.68221 16.801
151 171 172
9 2 504 0 1 992 0 4 950 0 3 1469 0 6 715 0 10 1605 0 13 1793 0 12 1296 0 14 1640 0
0.0390268 -2.69621 15.8003
86 133 155
27 2 509 0 1 547 0 3 412 0 0 409 0 4 452 0 5 451 0 6 464 0 7 336 0 8 367 0 9 410 0 10 605 0 11 521 0 12 751 0 13 698 0 14 763 0 15 750 0 16 655 0 17 657 0 18 604 0 19 539 0 20 603 0 24 992 0 25 638 0 26 1104 0 27 961 0 31 1795 0 33 3447 0
0.456816 -2.33555 15.3984
73 127 154
23 2 514 0 1 562 0 0 720 0 3 413 0 5 476 0 4 245 0 6 396 0 8 434 0 9 353 0 10 754 0 12 922 0 13 637 0 14 830 0 15 765 0 16 613 0 17 558 0 18 450 0 19 426 0 24 728 0 25 768 0 26 1053 0 27 1179 0 31 1624 0
4.28513 2.81237 9.91989
149 116 147
6 2 522 0 1 479 0 3 547 0 4 519 0 9 403 0 18 670 0
3.27109 5.62606 7.16013
151 107 149
8 2 530 0 1 804 0 0 604 0 6 320 0 7 806 0 8 491 0 10 294 0 11 617 0
1.49819 -1.82511 14.7952
162 172 166
9 2 539 0 1 507 0 3 470 0 17 324 0 18 430 0 19 483 0 20 395 0 22 589 0 23 525 0
3.16367 5.06842 7.72253
151 113 151
10 2 543 0 1 603 0 3 463 0 0 530 0 4 462 0 6 415 0 7 440 0 8 993 0 9 818 0 11 582 0
0.0232644 -2.74402 15.8249
159 177 177
23 2 545 0 1 607 0 3 558 0 0 545 0 4 581 0 5 584 0 6 639 0 7 626 0 8 620 0 9 455 0 10 1001 0 11 729 0 12 805 0 13 844 0 15 696 0 16 640 0 17 571 0 18 541 0 19 542 0 20 386 0 24 1066 0 25 990 0 27 1088 0
3.93871 5.44095 7.20219
148 115 15
8 2 559 0 1 472 0 3 498 0 0 639 0 4 487 0 6 759 0 7 485 0 8 911 0
1.67362 -2.27751 12.3337
63 64 67
7 2 568 0 1 1283 0 3 612 0 4 1296 0 5 1530 0 6 650 0 7 352 0
0.689374 -3.63271 16.6273
148 162 161
3 2 573 0 1 589 0 6 567 0
2.33406 -2.58087 15.5519
159 173 170
17 2 580 0 1 712 0 3 462 0 4 548 0 6 558 0 8 202 0 9 190 0 10 915 0 11 320 0 12 322 0 13 1136 0 15 660 0 16 360 0 17 1085 0 18 1068 0 26 1778 0 37 670 0
5.80004 0.831971 11.8147
142 109 139
5 2 581 0 1 642 0 3 330 0 5 587 0 20 706 0
4.15476 4.85911 7.88044
58 91 5
9 2 584 0 1 691 0 4 619 0 6 588 0 7 696 0 3 966 0 0 836 0 9 743 0 10 775 0
2.08499 -2.27295 15.2627
72 126 151
39 2 585 0 1 676 0 3 630 0 0 496 0 4 596 0 5 662 0 6 679 0 8 590 0 9 562 0 10 790 0 11 640 0 12 916 0 13 679 0 14 857 0 15 779 0 16 485 0 17 715 0 19 462 0 20 460 0 24 823 0 25 955 0 26 880 0 27 833 0 29 1782 0 30 1316 0 31 1555 0 32 3344 0 34 3839 0 35 3214 0 40 610 0 48 828 0 54 702 0 55 867 0 56 1267 0 57 1339 0 58 983 0 59 1090 0 60 1196 0 61 1320 0
0.0653406 -2.66166 15.7643
149 175 179
19 2 604 0 1 506 0 3 583 0 0 732 0 4 574 0 5 575 0 6 653 0 7 530 0 8 607 0 10 882 0 11 856 0 12 841 0 13 1124 0 14 870 0 15 829 0 17 902 0 18 643 0 19 609 0 27 1246 0
0.605144 -1.45898 14.4861
71 121 145
30 2 606 0 1 572 0 3 652 0 0 754 0 4 650 0 5 592 0 6 573 0 7 614 0 8 502 0 9 373 0 10 1055 0 11 654 0 12 1026 0 13 760 0 14 971 0 15 873 0 16 475 0 17 698 0 18 835 0 19 700 0 20 583 0 21 641 0 24 1570 0 25 929 0 26 1303 0 27 2181 0 28 1150 0 29 1924 0 30 1295 0 31 1199 0
0.605144 -1.45898 14.4861
71 121 145
30 2 607 0 1 573 0 3 653 0 0 755 0 4 649 0 5 593 0 6 572 0 7 615 0 8 503 0 9 374 0 10 1054 0 11 653 0 12 1025 0 13 759 0 14 972 0 15 872 0 16 474 0 17 697 0 18 834 0 19 701 0 20 584 0 21 640 0 24 1571 0 25 930 0 26 1304 0 27 2180 0 28 1149 0 29 1925 0 30 1296 0 31 1200 0
-2.2288 -2.42247 15.6395
157 141 64
17 2 614 0 1 591 0 3 608 0 0 678 0 4 395 0 5 264 0 6 535 0 7 461 0 8 889 0 9 603 0 10 877 0 17 246 0 18 504 0 20 568 0 21 333 0 30 4179 0 31 1784 0
-2.2302 -2.41565 15.6451
157 139 60
15 2 615 0 1 590 0 3 607 0 0 679 0 4 394 0 5 265 0 6 534 0 7 460 0 8 888 0 9 602 0 10 878 0 17 247 0 18 503 0 20 567 0 21 334 0
1.53604 -1.92178 14.929
86 134 154
39 2 625 0 1 489 0 3 504 0 0 509 0 4 576 0 5 547 0 6 365 0 7 392 0 8 451 0 9 203 0 10 530 0 11 548 0 12 697 0 13 503 0 14 823 0 15 761 0 16 582 0 17 356 0 18 374 0 19 454 0 20 464 0 21 497 0 22 633 0 24 1001 0 25 853 0 26 1422 0 27 1080 0 28 1198 0 29 3128 0 30 2826 0 31 1934 0 35 2841 0 36 2463 0 40 490 0 48 489 0 54 490 0 56 366 0 46 648 0 47 238 0
2.13755 -1.98949 14.9626
79 130 155
43 2 629 0 1 736 0 3 494 0 0 384 0 4 731 0 5 765 0 6 580 0 7 278 0 8 439 0 9 261 0 10 511 0 11 606 0 12 576 0 13 663 0 14 671 0 15 795 0 16 193 0 17 725 0 18 269 0 20 424 0 21 844 0 24 694 0 25 663 0 26 641 0 27 599 0 28 333 0 29 600 0 30 910 0 31 1065 0 32 1952 0 33 1729 0 34 1872 0 35 1787 0 36 789 0 37 1248 0 38 1608 0 39 1530 0 54 253 0 48 512 0 55 335 0 60 677 0 61 674 0 46 422 0
2.13704 -1.98767 14.9634
80 131 156
34 2 630 0 1 737 0 3 495 0 5 764 0 6 581 0 7 277 0 8 440 0 9 260 0 10 510 0 11 605 0 12 575 0 14 670 0 16 194 0 17 724 0 18 268 0 20 425 0 25 664 0 26 640 0 27 598 0 28 334 0 30 911 0 32 1951 0 33 1728 0 34 1873 0 35 1788 0 36 790 0 37 1249 0 38 1607 0 48 513 0 54 252 0 55 336 0 60 676 0 61 675 0 46 423 0
1.35966 -2.40245 12.5545
61 66 75
18 2 645 0 1 820 0 3 565 0 0 484 0 4 877 0 5 932 0 6 706 0 7 434 0 8 801 0 9 948 0 10 1045 0 11 1190 0 12 1738 0 13 1707 0 14 1287 0 15 916 0 17 1092 0 25 1758 0
2.22321 3.24157 9.60009
180 167 173
13 7 689 0 0 745 0 8 1074 0 9 585 0 11 636 0 12 942 0 14 529 0 15 439 0 31 753 0 33 1325 0 35 987 0 39 119 0 13 666 0
2.59812 4.59107 8.17634
175 175 166
4 2 671 0 1 490 0 7 443 0 9 659 0
-0.854206 -2.08528 15.2406
159 172 155
9 2 676 0 1 534 0 3 812 0 8 1477 0 12 1238 0 15 1813 0 13 2653 0 16 1478 0 22 748 0
5.59553 5.36129 7.29285
60 93 3
7 2 680 0 1 600 0 4 693 0 5 493 0 6 271 0 7 386 0 8 535 0
5.59192 5.34477 7.29205
61 94 4
6 2 681 0 1 601 0 5 494 0 6 272 0 7 387 0 8 534 0
2.10201 -2.11516 15.1073
82 133 156
27 2 683 0 1 831 0 3 904 0 4 818 0 5 1017 0 6 817 0 7 777 0 8 819 0 10 1014 0 11 838 0 12 988 0 13 841 0 15 743 0 16 826 0 24 988 0 25 858 0 26 998 0 27 1050 0 28 1188 0 30 3141 0 48 1200 0 54 841 0 55 1031 0 56 1669 0 57 1554 0 59 1252 0 46 921 0
1.93211 -2.1873 15.1815
79 128 152
45 2 685 0 1 884 0 3 695 0 0 810 0 4 769 0 5 931 0 6 737 0 7 578 0 8 650 0 9 523 0 10 897 0 12 1086 0 13 990 0 14 894 0 15 854 0 16 547 0 17 816 0 18 781 0 19 747 0 20 762 0 24 997 0 25 1016 0 26 941 0 27 2342 0 28 648 0 29 851 0 30 1313 0 31 1414 0 32 2829 0 33 2919 0 34 2502 0 35 2068 0 36 2148 0 37 2832 0 38 2286 0 40 785 0 48 804 0 54 710 0 55 667 0 56 1259 0 57 903 0 58 926 0 59 1150 0 60 1262 0 61 1310 0
3.17862 4.9665 7.80635
154 116 153
8 2 689 0 1 805 0 0 637 0 4 540 0 7 480 0 8 785 0 9 925 0 11 638 0
2.66832 4.91524 7.88294
157 106 153
10 2 692 0 1 788 0 3 671 0 0 689 0 4 657 0 7 753 0 8 775 0 9 811 0 10 629 0 11 544 0
0.305271 -2.66456 15.752
148 174 182
14 2 696 0 1 771 0 3 823 0 4 732 0 5 854 0 6 751 0 8 790 0 10 1192 0 11 961 0 12 1080 0 14 1185 0 15 1051 0 18 1028 0 20 753 0
2.6079 5.7191 7.03621
168 165 156
9 2 707 0 1 232 0 3 431 0 0 423 0 6 296 0 7 574 0 8 413 0 9 242 0 10 498 0
1.90118 -2.15326 15.1507
138 167 175
32 2 710 0 1 934 0 3 835 0 0 947 0 4 834 0 5 735 0 6 967 0 7 911 0 9 831 0 10 1139 0 11 1445 0 12 863 0 13 2981 0 14 1545 0 15 1015 0 16 880 0 17 1056 0 20 1009 0 24 2273 0 25 927 0 27 1655 0 28 762 0 29 1588 0 30 4000 0 32 4236 0 38 2895 0 40 1307 0 55 753 0 57 1121 0 60 822 0 61 942 0 46 1345 0
3.37838 4.8059 7.88641
42 63 6
11 2 711 0 1 782 0 3 1568 0 4 1251 0 5 938 0 6 717 0 7 1343 0 8 1565 0 39 615 0 38 1168 0 37 996 0
-5.73997 3.15402 10.1472
90 75 44
4 34 2470 0 30 2242 0 29 3099 0 32 2170 0
1.36081 -1.08102 14.0637
145 109 48
24 2 717 0 1 991 0 3 964 0 0 950 0 4 862 0 5 872 0 6 929 0 7 1176 0 8 1034 0 9 1015 0 10 1357 0 11 932 0 12 1239 0 13 1171 0 14 1139 0 15 1040 0 17 967 0 19 1261 0 20 1462 0 21 1414 0 24 2052 0 25 1229 0 26 3000 0 27 2695 0
2.12016 -2.21346 15.1945
71 132 161
24 2 724 0 1 681 0 0 391 0 4 425 0 5 580 0 6 402 0 7 359 0 8 852 0 10 399 0 13 1061 0 14 680 0 18 1031 0 20 870 0 24 2352 0 25 992 0 26 1272 0 27 1958 0 28 2700 0 29 3255 0 35 3672 0 57 1036 0 56 1693 0 60 1286 0 61 876 0
3.98185 5.41853 7.25566
65 71 1
10 2 725 0 1 734 0 3 1193 0 0 665 0 4 1548 0 7 571 0 8 858 0 6 801 0 5 900 0 9 993 0
0.349142 -2.63573 15.7137
105 144 161
24 2 729 0 1 635 0 3 533 0 0 672 0 4 615 0 5 526 0 6 605 0 7 646 0 9 366 0 10 987 0 11 456 0 12 937 0 13 1122 0 14 844 0 15 736 0 17 691 0 18 559 0 19 460 0 20 393 0 25 862 0 27 1397 0 29 3195 0 58 869 0 60 1041 0
0.349106 -2.63572 15.7139
105 144 161
23 2 730 0 1 634 0 3 534 0 0 671 0 4 614 0 5 527 0 6 606 0 7 645 0 9 365 0 10 986 0 11 457 0 12 936 0 13 1121 0 14 843 0 15 735 0 17 690 0 18 558 0 20 392 0 25 861 0 27 1398 0 29 3196 0 58 868 0 60 1040 0
5.728 4.91792 7.62816
160 164 149
6 2 736 0 1 824 0 4 1694 0 5 916 0 8 419 0 21 905 0
0.289118 -1.91453 10.6984
59 69 93
15 2 747 0 1 582 0 0 1271 0 3 686 0 4 490 0 5 429 0 6 777 0 7 864 0 8 1164 0 17 348 0 18 212 0 19 309 0 21 446 0 40 218 0 48 185 0
0.288918 -1.92465 10.6932
57 67 89
17 2 748 0 1 581 0 3 685 0 0 1272 0 4 489 0 5 430 0 6 778 0 7 863 0 8 1165 0 9 733 0 10 1937 0 17 347 0 18 211 0 19 308 0 21 445 0 23 229 0 40 217 0
4.2691 -1.12859 13.949
144 118 144
28 2 752 0 1 762 0 3 756 0 0 971 0 4 710 0 8 934 0 10 859 0 11 682 0 12 1074 0 13 986 0 14 890 0 15 882 0 16 782 0 18 927 0 20 709 0 21 963 0 22 1154 0 24 892 0 25 915 0 26 968 0 27 1284 0 28 710 0 29 1923 0 30 2657 0 31 1617 0 32 3100 0 35 3211 0 23 853 0
-0.690041 -2.06131 15.2031
81 90 29
29 2 758 0 1 787 0 3 719 0 0 837 0 4 726 0 5 736 0 6 670 0 8 813 0 9 627 0 10 1129 0 11 921 0 12 1221 0 13 895 0 7 495 0 14 876 0 15 858 0 17 700 0 18 792 0 19 613 0 20 648 0 21 639 0 22 446 0 23 411 0 25 1783 0 26 2711 0 27 2375 0 40 305 0 48 750 0 55 606 0
4.65736 5.2566 7.4674
96 131 40
7 2 768 0 1 568 0 3 596 0 0 539 0 4 700 0 5 713 0 7 874 0
-2.30874 -1.86375 15.0682
73 83 34
21 2 772 0 1 615 0 3 697 0 0 965 0 4 664 0 5 594 0 7 901 0 8 1122 0 10 1493 0 12 2194 0 6 1284 0 13 1719 0 11 1233 0 14 1855 0 16 1479 0 17 475 0 18 838 0 19 749 0 20 573 0 21 395 0 22 314 0
4.27907 5.18219 7.52991
90 131 35
3 2 782 0 1 846 0 8 712 0
3.15643 3.91032 8.8193
175 174 169
9 2 784 0 1 943 0 4 1882 0 7 1124 0 8 647 0 3 1384 0 0 1103 0 9 1394 0 43 213 0
2.19031 3.4316 9.3481
90 76 62
11 39 654 0 35 1348 0 32 2193 0 36 640 0 37 575 0 38 416 0 41 265 0 42 155 0 43 450 0 44 195 0 45 158 0
1.01583 -1.13251 14.123
161 115 32
21 2 790 0 1 668 0 3 750 0 0 976 0 4 671 0 5 853 0 6 763 0 7 823 0 8 1029 0 10 1263 0 12 1149 0 13 1144 0 15 1039 0 16 1539 0 17 622 0 18 1061 0 19 763 0 24 2571 0 25 1851 0 26 1555 0 27 2558 0
2.84483 4.69675 8.04153
159 109 154
7 2 793 0 1 730 0 0 804 0 4 840 0 3 1864 0 8 1167 0 10 763 0
0.282423 -2.63172 15.7219
77 126 149
28 2 798 0 1 706 0 3 841 0 0 746 0 4 729 0 5 830 0 6 1000 0 7 941 0 8 830 0 9 553 0 10 1417 0 11 882 0 12 1286 0 13 1569 0 14 1608 0 15 1743 0 16 789 0 17 966 0 18 876 0 19 900 0 20 793 0 24 1978 0 25 1315 0 26 2055 0 27 2680 0 29 4182 0 58 911 0 59 953 0
4.69381 5.29848 7.38896
51 65 0
11 2 802 0 1 862 0 0 866 0 3 1071 0 4 830 0 5 1040 0 6 612 0 7 830 0 8 757 0 9 1167 0 10 677 0
-0.518821 -1.51083 14.6158
58 67 30
30 2 805 0 1 828 0 3 693 0 4 613 0 5 725 0 6 694 0 7 955 0 8 881 0 10 895 0 11 918 0 12 1455 0 14 1275 0 15 1014 0 16 1093 0 17 362 0 18 827 0 19 922 0 20 686 0 21 645 0 22 312 0 13 728 0 25 1346 0 24 3161 0 26 2301 0 27 1737 0 46 568 0 47 288 0 54 641 0 57 819 0 58 785 0
2.98665 5.89748 6.85176
169 170 157
5 2 814 0 1 722 0 6 812 0 7 534 0 9 444 0
1.79795 3.30298 9.57306
163 115 164
16 2 819 0 1 680 0 0 739 0 4 620 0 5 661 0 7 842 0 8 608 0 9 595 0 10 831 0 11 565 0 12 602 0 13 545 0 14 434 0 15 460 0 16 679 0 25 750 0
0.30088 -2.69493 15.7879
83 128 151
27 2 822 0 1 754 0 3 670 0 0 675 0 4 801 0 5 743 0 6 693 0 7 694 0 8 681 0 9 648 0 10 1262 0 11 1004 0 12 1485 0 13 1249 0 14 1459 0 15 1272 0 16 894 0 17 1009 0 18 893 0 19 681 0 20 645 0 24 1238 0 25 1068 0 26 1710 0 27 1318 0 58 860 0 59 1028 0
0.309834 -1.76571 14.8026
80 130 154
15 2 823 0 1 595 0 3 764 0 4 669 0 5 685 0 6 635 0 7 527 0 8 736 0 12 1495 0 15 1380 0 25 2196 0 26 3179 0 29 4017 0 30 4520 0 53 253 0
0.309285 -1.7645 14.7996
80 130 153
21 2 824 0 1 594 0 3 763 0 0 993 0 4 668 0 5 686 0 6 634 0 7 526 0 8 735 0 9 859 0 10 1408 0 12 1496 0 15 1379 0 17 682 0 24 3173 0 25 2197 0 26 3178 0 28 2695 0 29 4018 0 30 4521 0 53 252 0
-0.716044 -1.45527 14.5767
54 70 28
15 2 835 0 1 812 0 3 743 0 4 720 0 5 624 0 18 969 0 19 500 0 20 726 0 21 785 0 22 288 0 23 269 0 48 459 0 54 389 0 55 513 0 57 554 0
3.93991 4.84017 7.86632
153 171 83
5 2 847 0 1 769 0 3 945 0 4 893 0 9 852 0
-1.48488 -2.0572 15.2386
159 171 155
17 2 855 0 1 993 0 3 1119 0 0 1450 0 5 1012 0 6 734 0 8 1151 0 12 1861 0 13 2190 0 14 1827 0 15 2520 0 16 1051 0 21 1397 0 22 440 0 25 1967 0 27 1324 0 30 1877 0
-3.06134 -1.18385 14.4237
63 87 34
18 2 856 0 1 752 0 3 889 0 4 695 0 5 677 0 6 728 0 7 732 0 13 2026 0 14 1881 0 17 656 0 18 562 0 19 559 0 20 382 0 21 394 0 22 308 0 54 226 0 55 333 0 48 325 0
0.540182 -1.50307 14.54
81 133 156
26 2 868 0 1 798 0 3 1707 0 0 1043 0 4 681 0 5 998 0 6 835 0 8 978 0 9 763 0 10 1034 0 11 900 0 12 1678 0 13 922 0 14 1117 0 15 711 0 17 762 0 18 1435 0 19 1023 0 20 776 0 21 1120 0 25 1043 0 26 1452 0 27 1681 0 29 4348 0 30 3878 0 31 2943 0
0.830686 -1.56825 14.5947
81 133 155
32 2 870 0 1 760 0 3 718 0 0 984 0 4 689 0 5 703 0 6 688 0 7 731 0 8 745 0 9 742 0 10 1250 0 11 823 0 12 977 0 13 973 0 14 854 0 15 943 0 16 920 0 17 798 0 18 938 0 19 757 0 20 534 0 21 735 0 24 1581 0 25 1070 0 26 1453 0 27 1615 0 28 1469 0 29 2968 0 30 3043 0 33 3859 0 40 639 0 23 516 0
1.6819 -3.27773 16.2908
163 174 167
13 2 876 0 1 1045 0 3 1111 0 6 1203 0 8 1453 0 10 1154 0 11 1080 0 12 1636 0 13 1839 0 14 1445 0 15 957 0 25 1977 0 0 1142 0
-1.21657 -2.86396 16.0568
175 169 166
8 2 881 0 1 1487 0 3 619 0 4 1166 0 7 775 0 10 988 0 12 1097 0 20 1713 0
2.35691 5.56212 7.21404
170 167 163
5 2 889 0 1 753 0 7 798 0 8 962 0 10 1317 0
4.26121 4.14896 8.53957
171 174 161
11 2 903 0 1 1708 0 4 1367 0 5 815 0 8 1334 0 19 847 0 10 282 0 7 518 0 17 260 0 20 1808 0 22 2116 0
2.65115 5.86099 6.90916
177 174 162
10 2 910 0 1 1667 0 3 1044 0 6 475 0 7 1170 0 8 763 0 9 2348 0 0 2000 0 10 1099 0 11 541 0
4.2229 5.76342 6.92033
169 122 19
7 2 913 0 1 1510 0 3 2169 0 0 1680 0 4 1739 0 8 1011 0 10 1660 0
4.9891 5.41761 7.18629
63 82 1
6 2 915 0 1 1160 0 3 1554 0 0 1828 0 4 660 0 10 2537 0
2.20029 -2.22962 15.2048
71 128 154
26 2 925 0 1 1178 0 3 795 0 0 893 0 4 1087 0 5 1163 0 6 1115 0 8 1213 0 9 748 0 13 1034 0 16 753 0 17 925 0 18 1242 0 19 935 0 20 1160 0 24 1064 0 25 1292 0 26 1645 0 27 1921 0 28 1897 0 29 1980 0 30 3134 0 31 1579 0 33 3126 0 55 1070 0 56 1637 0
4.29996 1.30456 11.4391
116 80 123
23 2 931 0 1 1284 0 7 890 0 24 934 0 25 913 0 26 721 0 27 715 0 28 706 0 29 781 0 30 1486 0 31 1137 0 32 2392 0 3 2147 0 0 2289 0 9 1928 0 6 1708 0 4 1547 0 33 2361 0 34 2716 0 35 2367 0 36 2222 0 37 1875 0 43 1478 0
1.709 -2.2935 15.286
156 132 64
