# MVE view meta data is stored in INI-file syntax.
# This file is generated, formatting will get lost.

[camera]
focal_length = 0.7918875813
pixel_aspect = 1
principal_point = 0.5 0.5
radial_distortion = 0.0164733585 -0.02116567269
rotation = 0.9918524027 0.00139767339 0.1274968833 -0.00655666925 0.9991930127 0.04003433883 -0.1273330301 -0.04054582492 0.9910501838
translation = -0.9741421342 0.006402066909 0.374746114

[view]
id = 3
name = 0003
