# MVE view meta data is stored in INI-file syntax.
# This file is generated, formatting will get lost.

[camera]
focal_length = 0.7936416268
pixel_aspect = 1
principal_point = 0.5 0.5
radial_distortion = -0.002051386051 0.02511897869
rotation = 0.981114924 -0.02968510054 0.1913092732 0.02268754505 0.9990069866 0.03875895962 -0.1922622025 -0.03368688747 0.9808055758
translation = -1.412954211 -0.02841406874 0.1938439757

[view]
id = 4
name = 0004
