# MVE view meta data is stored in INI-file syntax.
# This file is generated, formatting will get lost.

[camera]
focal_length = 0.7794600725
pixel_aspect = 1
principal_point = 0.5 0.5
radial_distortion = 0.05817291513 -0.06701885164
rotation = 0.9921777248 -0.08653376251 0.0901228562 0.07967717201 0.9938815832 0.07702483237 -0.09620095044 -0.06923749298 0.9929847121
translation = 1.586871028 0.1250706613 -0.3530033827

[view]
id = 0
name = 0000
