# MVE view meta data is stored in INI-file syntax.
# This file is generated, formatting will get lost.

[camera]
focal_length = 0.7659642696
pixel_aspect = 1
principal_point = 0.5 0.5
radial_distortion = 0.08501788229 -0.09794859588
rotation = 0.9999691844 0.0006116524455 -0.009957897477 -0.0006031856756 1.000015497 0.0026556917 0.009957162663 -0.002653551986 0.999973774
translation = 0.02865706757 0.006196835078 0.1744215786

[view]
id = 2
name = 0002
